Hap_ID	0	1	2	3	4	5	6	7	8	9
Freq	0.05289462180858486	0.04710537819141513	0.021072403331846713	0.06718269396156182	0.45848110214572735	0.03795875952718003	0.2168576725216192	0.07297655868557765	0.003140084927499289	0.022330724898987946
0;3867;3867;0:1	1	1	0	0	0	0	0	0	0	0
0;3915;3915;0:1	0	0	0	0	0	0	0	0	0	0
0;4159;4159;0:1	0	0	0	0	1	1	1	1	1	1
0;4261;4261;0:1	0	0	0	0	0	0	0	0	0	0
0;4353;4353;0:1	0	0	0	0	0	0	0	0	0	0
0;4438;4438;0:1	1	1	1	1	0	0	0	0	0	0
0;4636;4636;0:1	0	0	0	0	0	0	0	0	0	0
0;4815;4815;0:1	0	0	0	1	1	1	1	1	1	1
0;5078;5078;0:1	0	1	0	0	0	0	0	0	0	0
0;5490;5490;0:1	0	0	0	1	1	1	1	1	1	1
0;5618;5618;0:1	0	0	0	0	0	1	0	0	0	0
0;6301;6301;0:1	0	0	0	0	0	0	0	0	0	0
0;6311;6311;0:1	1	1	1	1	0	0	1	1	0	0
0;6598;6598;0:1	0	0	0	0	0	0	0	0	0	0
0;6808;6808;0:1	0	0	0	0	0	0	0	0	1	0
0;8185;8185;0:1	0	0	0	0	0	0	0	0	0	0
0;8300;8300;0:1	0	0	0	0	0	0	0	0	0	0
0;8414;8414;0:1	0	0	0	0	0	0	0	0	0	0
0;8570;8570;0:1	1	1	1	1	0	0	1	0	0	1
0;9190;9190;0:1	0	0	0	0	0	0	0	0	0	0
